4244837
4147275
4203863
4447075
4105720
3840001
3887234
3867268
4121321
4187990
4233169
4400137
4492544
4365606
4552520
4687080
4377604
4297519
4147257
4141719
4361233
4412144
4536867
4662469
4642995
4825670
4875071
4833694
4418609
4319585
4230515
4408226
4512014
4581791
4768229
4952341
4941580
4923943
5099470
5287341
4864118
4587140
4486888
4520225
4787183
4881812
5105641
5161662
5227522
5190004
5242256
5206102
5090517
4829191
4790579
4984063
5104420
5260713
5501496
5386038
5367747
5442517
5698327
5685560
5247517
5031436
4996843
5129084
5304022
5493177
5763756
6094576
5850652
5885129
6162429
6009647
5657847
5420061
5223668
5451232
5657844
5712706
5833309
6305473
6250067
6330954
6373328
6297738
6002047
5718674
5654276
5879222
6113102
6156478
6207693
6497944
6466277
6608141
7036828
6856040
6416533
6281700
6033383
6303157
6501886
6591504
7051341
7079565
7202468
7035408
7146581
7050788
6832911
6594674
6453638
6601480
6760321
7071235
7382159
7572217
7745052
8204334
7744219
7587765
7303571
6862125
6772573
6989447
7186043
7615292
7974122
7855916
8076143
8089865
7907780
7906721
7363736
7072660
6838562
7077425
7161169
7630771
7790700
7852009
7760773
7714336
7798026
8046466
7379039
6847934
6686063
6749563
6998392
7031209
7335151
7525886
7778453
7683653
7964592
7697452
7248489
7010216
6655413
6718745
7114941
7309398
7491351
7619787
7611452
7572069
7865509
7847428
7417647
6885495
6747084
6894849
7030951
7430572
7573780
7753769
8147232
8208436
8064555
7803529
7771927
7116947
6914766
6951917
7253908
7756789
8117505
8065079
8042107
8018771
7816731 
6394935 
5816245